((("POSIX" .
   [1 0 0 0 0])
  ("STR_TEST" .
   [1 0 0 0 1 0 0 0])
  ("update" .
   [1 0 0 0 0 0])
  ("t" .
   [1])
  ("arg" .
   [2 0 0])
  ("client" .
   [3 0 0 0 0 0])
  ("keys_file" .
   [0 0 0 0 2 0 0 0 0])
  ("new" .
   [2 0 0])
  ("to_i" .
   [1 0 0 0])
  ("strip" .
   [2 0 0 0 0])
  ("wc" .
   [1 0])
  ("readable" .
   [0 0 0 0 0 1 0 0])
  ("File" .
   [2 0 0 1])
  ("printf" .
   [1 0 0 0 0 0])
  ("test" .
   [8 0 0 0])
  ("newp" .
   [2 0 0 0])
  ("next" .
   [10 0 0 0])
  ("fusion" .
   [2 0 0 0 0 0])
  ("prev" .
   [5 0 0 0])
  ("s_block" .
   [0 0 0 0 1 0 0])
  ("BLOCK_SIZE" .
   [0 0 1 1 0 0 0 0 0 0])
  ("b" .
   [1])
  ("tmp" .
   [2 0 0])
  ("get_block" .
   [0 0 0 0 2 0 0 0 0])
  ("sbrk" .
   [1 0 0 0])
  ("base" .
   [8 0 0 0])
  ("valid_addr" .
   [0 0 0 0 0 0 1 0 0 0])
  ("my_free" .
   [1 0 0 0 1 0 0])
  ("point" .
   [2 0 0 0 0])
  ("ptr" .
   [3 0 0])
  ("unistd" .
   [1 0 0 0 0 0])
  ("t_block" .
   [6 0 1 2 2 1 0])
  ("app" .
   [2 0 0])
  ("ConveyorBeltPePeNoel" .
   [0 0 0 1 0 0 0 0 0 0 0 0 0 0 0 0 0 0 0 0])
  ("length" .
   [0 0 0 0 1 0])
  ("msg" .
   [6 0 0])
  ("overDrive" .
   [0 0 0 0 0 0 0 1 0])
  ("compare" .
   [0 0 0 0 0 1 0])
  ("downcase_drug" .
   [0 0 0 0 3 0 0 0 0 0 0 0 0])
  ("drug" .
   [8 0 0 0])
  ("ret_drug" .
   [0 0 0 1 2 1 1 0])
  ("takeDrug" .
   [1 0 0 0 0 0 0 0])
  ("poke" .
   [1 0 0 0])
  ("name" .
   [7 0 0 0])
  ("SickKoala" .
   [2 0 0 0 5 1 1 0 0])
  ("setw" .
   [2 0 0 0])
  ("string" .
   [18 0 0 0 0 1])
  ("input_line" .
   [3 0 0 3 4 3 1 0 0 0])
  ("aff" .
   [5 0 0])
  ("realloc" .
   [1 0 0 0 0 1 1])
  ("temp_end" .
   [0 0 0 3 0 2 1 0])
  ("insert_s" .
   [1 0 0 0 0 0 0 0])
  ("char" .
   [0 0 0 1])
  ("insert_c" .
   [1 0 0 0 1 1 0 5])
  ("empty" .
   [1 0 0 1 2])
  ("unsigned" .
   [0 0 0 2 0 0 0 3])
  ("counter" .
   [15 0 0 3 5 0 9])
  ("copy" .
   [4 0 0 0])
  ("fci-mode" .
   [0 0 0 0 0 0 0 1])
  ("size" .
   [8 0 0 0])
  ("in" .
   [8 0])
  ("pos" .
   [33 0 0])
  ("size_t" .
   [13 0 1 0 0 7])
  ("at" .
   [3 0])
  ("stdlib" .
   [1 0 0 0 0 0])
  ("NULL" .
   [11 0 0 0])
  ("str" .
   [80 0 1])
  ("StringDestroy" .
   [0 0 0 0 0 0 1 0 1 4 1 0 0])
  ("this" .
   [131 0 0 3])
  ("StringInit" .
   [2 0 0 0 0 0 0 1 0 2])
  ("String" .
   [53 0 0 1 0 21])
  ("s" .
   [14])
  ("STRING_H_" .
   [0 0 0 1 0 1 0 0 1])
  ("buffer" .
   [0 0 0 0 0 1])
  ("notes" .
   [1 0 0 0 0])
  ("strdup_nullcheck" .
   [0 0 0 0 0 0 0 0 0 0 0 1 0 0 0 0])
  ("append_s" .
   [9 0 0 0 0 0 0 0])
  ("c" .
   [12])
  ("ap" .
   [5 0])
  ("append_c" .
   [7 0 0 0 0 0 0 0])
  ("cha" .
   [9 0 0])
  ("aps" .
   [3 0 0])
  ("dest" .
   [8 0 0 0])
  ("sizeof" .
   [0 0 0 1 1 10])
  ("src" .
   [4 0 0])
  ("src_copy" .
   [4 0 0 0 0 1 1 0])
  ("return" .
   [0 0 0 0 0 16])
  ("strlen" .
   [12 0 0 0 1 0])
  ("strcat" .
   [1 0 0 0 0 0])
  ("strcat_nullcheck" .
   [0 0 0 0 0 0 0 2 0 0 0 0 0 0 0 0])
  ("clear" .
   [5 0 0 0 0])
  ("free" .
   [5 0 0 0])
  ("struct" .
   [0 0 0 1 1 3])
  ("compare_s" .
   [3 0 0 0 0 0 0 0 2])
  ("compare_c" .
   [1 0 0 1 0 0 0 0 2])
  ("pipule" .
   [6 0 0 0 0 0])
  ("pip_increment" .
   [0 0 0 0 0 0 1 0 0 0 0 0 0])
  ("this_copy" .
   [3 0 0 0 0 1 2 3 0])
  ("str_copy" .
   [0 0 0 0 0 3 0 2])
  ("strcmp" .
   [1 0 0 0 0 0])
  ("const" .
   [0 0 0 0 1])
  ("c_str" .
   [2 0 0 0 2])
  ("find_s" .
   [3 0 0 0 0 0])
  ("find_c" .
   [5 0 0 0 0 0])
  ("find_" .
   [0 0 0 0 1])
  ("to_int" .
   [0 0 1 3 0 0])
  ("main" .
   [2 0 0 0])
  ("std" .
   [79 0 0])
  ("Rendu" .
   [0 0 0 0 1])
  ("file" .
   [8 0 0 0])
  ("fstream" .
   [3 0 0 0 0 1 0])
  ("cerr" .
   [1 0 0 0])
  ("endl" .
   [12 0 0 0])
  ("file_line" .
   [1 0 0 0 0 1 1 0 0])
  ("class" .
   [0 0 1 0 0])
  ("delimiter" .
   [0 0 0 0 1 0 0 0 0])
  ("token" .
   [2 0 0 0 0])
  ("regex" .
   [1 0 0 0 0])
  ("vector" .
   [2 0 0 0 0 0])
  ("temperature" .
   [4 0 0 2 0 3 0 0 0 0 7])
  ("istream_iterator" .
   [2 0 0 0 0 0 0 0 0 0 0 0 0 0 0 0])
  ("template" .
   [0 0 0 0 1 0 0 0])
  ("unit" .
   [5 0 0 1])
  ("compl" .
   [0 0 0 0 2])
  ("cout" .
   [9 0 0 0])
  ("setprecision" .
   [0 0 0 0 0 0 1 0 0 0 0 0])
  ("Picture" .
   [0 0 0 1 0 0 0])
  ("public" .
   [0 0 0 0 0 1])
  ("Lemon" .
   [7 0 0 0 0])
  ("Fruit" .
   [5 0 0 0 0])
  ("include" .
   [0 0 0 0 1 0 0])
  ("Banana" .
   [2 0 0 0 0 0])
  ("getVitamins" .
   [0 0 0 1 0 0 0 0 0 0 1])
  ("getName" .
   [2 0 0 0 0 0 0])
  ("FruitBox" .
   [0 0 0 1 0 0 0 0])
  ("convex" .
   [5 0 0 0 0 0])
  ("Color" .
   [1 0 0 0 0])
  ("global" .
   [4 0 0 0 0 0])
  ("i" .
   [2])
  ("t_list" .
   [1 0 0 0 0 0])
  ("list" .
   [2 0 0 0])
  ("s_list" .
   [1 0 0 0 0 0])
  ("Romance" .
   [4 0 0 0 0 0 0])
  ("wanna" .
   [2 0 0 0 0])
  ("feel" .
   [1 0 0 0])
  ("let" .
   [1 0 0])
  ("goto" .
   [0 0 1 0])
  ("go" .
   [1 0])
  ("close" .
   [3 0 0 0 0])
  ("ignore" .
   [1 0 0 0 0 0])
  ("the" .
   [1 0 0])
  ("when" .
   [1 0 0 0])
  ("just" .
   [1 0 0 0])
  ("there" .
   [1 0 0 0 0])
  ("Close" .
   [2 0 0 0 0])
  ("eyes" .
   [2 0 0 0])
  ("dreaming" .
   [1 0 0 0 0 0 0 0])
  ("laisse" .
   [1 0 0 0 0 0])
  ("partir" .
   [1 0 0 0 0 0])
  ("moi" .
   [1 0 0])
  ("fermer" .
   [1 0 0 0 0 0])
  ("veux" .
   [1 0 0 0])
  ("fait" .
   [1 0 0 0])
  ("nous" .
   [1 0 0 0])
  ("juste" .
   [1 0 0 0 0])
  ("serais" .
   [1 0 0 0 0 0])
  ("Ferme" .
   [1 0 0 0 0])
  ("mes" .
   [1 0 0])
  ("yeux" .
   [1 0 0 0])
  ("rêve" .
   [1 0 0 0])
  ("MALLOC_H_" .
   [0 0 1 0 0 0 0 0 0])
  ("malloced_chain" .
   [0 0 0 0 0 0 0 0 2 1 1 0 0 0])
  ("malloc" .
   [3 0 0 0 0 0])
  ("my_realloc" .
   [1 0 0 0 0 0 0 0 0 0])))
